Magnetic Response Fold-Change - IscA1 + GCaMP6s Sensor (Single Cell Fluorescence)
Time (seconds)
Fold Change
1	1.22841256	1.22845687	1.19906074	1.22675852	1.16252418	1.16470988	1.15991759	1.16595779	1.15378879	1.12830623	1.11807925	1.13916825
0.0317657779464232	0.0397073782355469	0.0258602772502577	0.0256172948179510	0.0500339061086227	0.0395099349954909	0.0256799615627222	0.0364894073736359	0.0263992369884603	0.0370588501934942	0.0441584906843659	0.0139548433140294	0.0402885306900203
IscA1 + GCaMP6s - (Stirrer) 1mT
1	1.04458571	1.0610186	1.08909826	1.09664327	1.0989115	1.10347811	1.09876947	1.10248817	1.10186839	1.10931441	1.11237459	1.11810759
0.0239141948992005	0.0177740661981337	0.0331650036079772	0.0165713076337807	0.0196781565592783	0.0433121588506497	0.0258109680497015	0.0285967827794363	0.0389982232889722	0.0269988899438432	0.0402936571210310	0.0265493402843268	0.0401280186426298
IscA1 + GCaMP6s - (Magnetite) 1mT
1	1.06813508	1.07177217	1.07038758	1.06688029	1.0699549	1.0728997	1.07631791	1.06784493	1.06750641	1.06863139	1.06583931	1.05435535
0.0309230795123896	0.0472984139157237	0.0239144255526168	0.0226294022830219	0.0125012069361237	0.0391048257964711	0.0386708255294733	0.0292010716094196	0.0389847598937714	0.0318370342309125	0.0329079013488445	0.0311294471702105	0.0343995218887244
IscA1 + GCaMP6s - 0.5mT
1	1.04286569	1.05667945	1.06251479	1.06725709	1.07080305	1.07371642	1.06949913	1.06808763	1.06384883	1.07102682	1.0694561	1.06914626
0.0310166244370034	0.0578733522781344	0.0183333496980536	0.0114570091731031	0.0185931885533037	0.0190665654376040	0.0256639070352518	0.0283153012172455	0.0278146643997342	0.0354133443571938	0.0338926620384326	0.0375122898468833	0.0477825589929101
IscA1 + GCaMP6s - 0.25mT
1	1.01996058	1.01309846	1.01837247	1.01664457	1.01278664	1.01148669	1.02078743	1.00121286	0.99933336	1.02025627	1.02371851	1.0186617
0.0362933458493142	0.0278698491735895	0.0213430269163948	0.0195689169866237	0.0272993118735190	0.0256185864439786	0.0259132568520367	0.0398354523520556	0.0270230285599063	0.0414367891077096	0.0246837988249293	0.0397256572800865	0.0247774951500645
IscA1 + GCaMP6s - 0mT
1	0.99732898	0.9988855	0.99883661	0.99821999	0.99814715	0.99772909	0.99785381	0.99711546	0.99699473	0.9994213	0.99413414	0.99413414
0.0422306255173381	0.0171674389539523	0.00671045483716658	0.0390193146695171	0.0116436131626481	0.0306675691143687	0.0303547948583758	0.0522716807816787	0.0293078574597795	0.0249267693538550	0.0323580967257624	0.0324580485189384	0.0307004520941681
GCaMP6s Only - 1mT