Magnetic Response Fold-Change - IscA1 + GCaMP6s Sensor (Normalized Whole Frame Fluorescence)
Time (seconds)
Fold Change
1	1.10784159	1.16046019	1.21189766	1.21382326	1.21508274	1.21436134	1.17295416	1.17333483	1.1758013	1.17708836	1.17780704	1.18029204
0.00824893815776605	0.0155717451420234	0.0128431674421619	0.0121039684741635	0.0112179917216800	0.0143322144534201	0.00698682132058470	0.0218211471131581	0.0196003005072773	0.0168998607417873	0.0168261445698576	0.0130091820771793	0.0220934264106429
IscA1 + GCaMP6s - (Stirrer) 1mT
1	1.03772408	1.04632509	1.11510793	1.11970712	1.11974094	1.12132168	1.12378636	1.12325885	1.12158663	1.11960619	1.12097975	1.12028494
0.0177210594775198	0.0104296556658771	0.00254204844681195	0.00628849081370072	0.00469209133340007	0.0217522861200102	0.00692199059266553	0.0137403839185199	0.00903790744705868	0.0144430521271036	0.00617575381716063	0.00298865515330621	0.00288812037454252
IscA1 + GCaMP6s - (Magnetite) 1mT
1	1.02798305	1.02628365	1.02429018	1.02233299	1.02817278	1.02582055	1.0236002	1.0225945	1.02157973	1.01900259	1.01836676	1.01579926
0.0124409695492997	0.00911312421690587	0.00901973256096334	0.0170965507532127	0.0114579218699209	0.0109890552673218	0.0179384954498703	0.00597767021825226	0.0134831220792480	0.0141754408253634	0.00878142429811024	0.0110783504320187	0.00417078034258976
IscA1 + GCaMP6s - 0.25mT
1	1.03782482	1.04201476	1.04264287	1.04435157	1.04756605	1.12004213	1.05199454	1.12239534	1.1227841	1.12419464	1.19799139	1.20159806
0.00426023610550703	0.0105243735800825	0.0136112701611250	0.0229274562630812	0.00666554664649307	0.0109366551228947	0.01958752787314522	0.01934885410745067	0.00780516923032613	0.00102660579272438	0.0142018776487695	0.00555983958835495	0.0105004641656966
IscA1 + GCaMP6s - 0.5mT
1	1.00859029	0.99969209	0.99292463	0.98907731	0.98585464	0.98202777	0.97882958	0.97639513	0.97348178	0.97084601	0.9667248	0.96381978
0.0293339126024613	0.0264273491810642	0.0367569288421333	0.0288761447197371	0.0270548548463960	0.0285312320113229	0.0257603687818103	0.0243993584937814	0.0426299984605915	0.0382774879644367	0.0315376757961913	0.0237144082032397	0.0256726598472260
IscA1 + GCaMP6s - 0mT
1	0.98366689	0.98321808	0.98445209	0.9852469	0.98600452	0.9841695	0.98632643	0.98513609	0.9763677	0.97281497	0.96687059	0.96668399
0.000259081499555747	0.00823075001112783	0.00588206737421574	0.00211471488600399	0.0125398732545297	0.0114099203183528	0.0101673994112223	0.00333161028285947	0.0156374613917080	0.0117508970530166	0.00850466984833509	0.0101144489637582	0.00869002282516954
GCaMP6s Only - 1mT