Magnetic Response Fold-Change - IscA2 + GCaMP6s Sensor (Single Cell Fluorescence)
Time (seconds)
Fold Change
1	0.96741854	0.88992052	0.93886433	0.93037802	0.89355981	0.93480287	0.93047314	0.8783646	1.00392893	0.98594414	1.00745492	1.00606547
0.0186806213207542	0.0185279854384873	0.0300777340530544	-0.00123655462415750	0.0149541359448599	0.00729405550191340	0.0161741519729235	0.0264867926204862	0.0282572714924176	0.00985056357319863	0.0152893008731683	0.0213702487413005	0.0170813662424643
IscA2 + GCaMP6s - 0.5mT
1	1.01996058	1.01309846	1.01837247	1.01664457	1.01278664	1.01148669	1.02078743	1.00121286	0.99933336	1.02025627	1.02371851	1.0186617
0.0230181855526101	0.0239993094295580	0.0107003844105987	0.0182316973407077	0.0132094599161535	0.0314536171051847	0.0137090923900584	0.00796150025997782	0.0174605531657719	0.00571353135367902	0.0197914238229840	0.0143933500347182	0.0417777870918415
IscA2 + GCaMP6s - 0.25mT
1	0.97818684	1.04081608	0	1.06655534	0	0	1.04379131	1.00442885	1.0427769	1.03639949	1.00802053	1.05490189
0.0313846538732960	0.00496886503184502	0.0244132693172761	0	0.0174494482011919	0	0	0.0172695305059709	0.0357630014654608	0.0151906284822115	0.0232751212082969	0.0266473412062759	0.0208518859272116
IscA2 + GCaMP6s - 1mT
1	0.99732898	0.9988855	0.99883661	0.99821999	0.99814715	0.99772909	0.99785381	0.99711546	0.99699473	0.9994213	0.99413414	0.99413414
0.0288095278538105	0.0232321313784760	0.0121585381633591	0.00194626648613910	0.0385859294855571	0.0139546991122554	0.0210335972231065	0.0256316695514598	0.0211359699673400	0.0109527378720197	0.0153228541754814	0.0187511005277689	0.0347895849150403
GCaMP6s Only - 1mT
1	1.04458571	1.0610186	1.08909826	1.09664327	1.0989115	1.10347811	1.09876947	1.10248817	1.10186839	1.10931441	1.11237459	1.11810759
0.0113918430999304	0.0278466846728782	0.0230862313994853	0.0176613995787085	0.00943027254039869	0.0171585904537384	0.0191330971754069	0.00530604925513643	0.0219218224487079	0.0117770672370983	0.0190575941204028	0.0233621334095424	0.0109534594075316
IscA2 + GCaMP6s - 0mT