Magnetic Response Fold-Change - IscA2 + GCaMP6s Sensor (Normalized Whole Frame Fluorescence)
Time (seconds)
Fold Change
1	1.03285774	1.03226963	1.03264121	1.032176	1.03250626	1.0330905	1.03368297	1.03361274	1.03340015	1.03372233	1.03427312	1.03406223
0.0191546052018228	0.0360394635060288	0.0209834777464011	0.0204137361348961	0.0126583088730326	0.0196918626998768	0.0223234701262448	0.0242638755740895	0.0162719125827650	0.0176354541624281	0.0402369088660305	-0.00258353970496191	0.0422944568045690
IscA2 + GCaMP6s - 0.5mT
1	0.98366689	0.98321808	0.98445209	0.9852469	0.98600452	0.9841695	0.98632643	0.98513609	0.9763677	0.97281497	0.96687059	0.96668399
0.0233756370061311	0.0300006081958912	0.00335835525012940	0.0140996543579478	0.0172193583623469	0.0242271569122048	0.00329799302149529	0.0247163432641630	0.00787152800325541	0.0206619004842461	0.0265235588866137	0.0232705996717709	0.0308263350423676
IscA2 + GCaMP6s - 0.25mT
1	1.01770419	1.01413773	1.01256154	1.01150416	1.00282133	1.00265083	1.00272623	1.00236556	1.00168332	1.00134064	1.00015466	0.99994462
0.0300607711081905	0.0134909226340225	0.0225705615743397	0.0105562219359578	0.00678211478607436	0.0292482593349371	0.0200004984907525	0.0194508108539059	0.0291112726565386	0.0259458369740905	0.0235020117387454	0.0325025122830500	0.0292978945855772
IscA2 + GCaMP6s - 1mT
1	0.99732898	0.9988855	0.99883661	0.99821999	0.99814715	0.99772909	0.99785381	0.99711546	0.99699473	0.9994213	0.99413414	0.99413414
0.0223976325705858	0.0130963889688877	0.0134844635824972	0.0319210187053127	0.00388169611322189	0.0197553806336408	0.000511528231010992	0.0302049801445265	0.0286171630239342	0.0200116208348351	0.0192916278683952	-0.00486283920703279	0.0258117232267592
IscA2 + GCaMP6s - 0mT
1	1.04458571	1.0610186	1.08909826	1.09664327	1.0989115	1.10347811	1.09876947	1.10248817	1.10186839	1.10931441	1.11237459	1.11810759
-0.00192434919965905	-0.00319280306643302	0.0207993371029844	0.0105151901642949	0.0241149062142337	0.0267697780568403	0.0285773254520536	0.0130884087461701	0.0244937762316685	0.0210063335031508	0.0282606999846992	0.0253615707992592	0.0289788842598508
GCaMP6s Only - 1mT